0 0.38078703703703703 0.533234126984127 0.05324074074074074 0.040674603174603176
0 0.43898809523809523 0.5343501984126984 0.0625 0.03993055555555555
0 0.49619708994708994 0.5329861111111112 0.050595238095238096 0.04265873015873016
0 0.5525793650793651 0.53125 0.056878306878306875 0.040674603174603176
0 0.6059854497354498 0.5316220238095238 0.05324074074074074 0.04141865079365079
0 0.38227513227513227 0.5746527777777778 0.05952380952380952 0.037698412698412696
0 0.43270502645502645 0.578125 0.050595238095238096 0.039186507936507936
0 0.3781415343915344 0.6287202380952381 0.045965608465608467 0.0441468253968254
0 0.4305555555555556 0.6281001984126984 0.056878306878306875 0.04836309523809524
0 0.4828042328042328 0.5763888888888888 0.042328042328042326 0.03571428571428571
0 0.5360449735449735 0.5732886904761905 0.06415343915343916 0.03249007936507937
0 0.5902777777777778 0.5711805555555556 0.042328042328042326 0.03373015873015873
0 0.6008597883597884 0.6238839285714286 0.05423280423280423 0.046875
0 0.5393518518518519 0.6259920634920635 0.056216931216931214 0.04662698412698413
