0 0.4158399470899471 0.4048859126984127 0.04662698412698413 0.03943452380952381
0 0.470734126984127 0.4035218253968254 0.05324074074074074 0.03670634920634921
0 0.5236441798941799 0.4017857142857143 0.05257936507936508 0.03720238095238095
0 0.5753968253968254 0.4011656746031746 0.0582010582010582 0.034970238095238096
0 0.6297949735449735 0.3991815476190476 0.04728835978835979 0.03447420634920635
0 0.638723544973545 0.4494047619047619 0.04794973544973545 0.042162698412698416
0 0.6357473544973545 0.4983878968253968 0.05257936507936508 0.03993055555555555
0 0.5811838624338624 0.45002480158730157 0.0625 0.029017857142857144
0 0.5257936507936508 0.453125 0.04828042328042328 0.03670634920634921
0 0.4730489417989418 0.45535714285714285 0.04332010582010582 0.034722222222222224
0 0.4176587301587302 0.4558531746031746 0.05291005291005291 0.03670634920634921
0 0.42162698412698413 0.501984126984127 0.03835978835978836 0.03521825396825397
0 0.47271825396825395 0.5043402777777778 0.04398148148148148 0.033482142857142856
0 0.5261243386243386 0.5035962301587301 0.057539682539682536 0.0339781746031746
0 0.5830026455026455 0.5012400793650794 0.04894179894179894 0.03670634920634921
