0 0.3439153439153439 0.6429811507936508 0.0496031746031746 0.028025793650793652
0 0.4044312169312169 0.6491815476190477 0.04365079365079365 0.028521825396825396
0 0.4573412698412698 0.6507936507936508 0.041666666666666664 0.027281746031746032
0 0.5241402116402116 0.6556299603174603 0.057539682539682536 0.026537698412698412
0 0.5980489417989417 0.6599702380952381 0.054563492063492064 0.030753968253968252
0 0.3106812169312169 0.45188492063492064 0.044642857142857144 0.030753968253968252
0 0.3680555555555556 0.4544890873015873 0.04894179894179894 0.029513888888888888
0 0.4320436507936508 0.45287698412698413 0.04861111111111111 0.031746031746031744
0 0.4923941798941799 0.45622519841269843 0.04894179894179894 0.0339781746031746
0 0.550760582010582 0.45944940476190477 0.045965608465608467 0.028521825396825396
0 0.5962301587301587 0.4623015873015873 0.026455026455026454 0.030257936507936508
0 0.33283730158730157 0.27033730158730157 0.05324074074074074 0.023809523809523808
0 0.40691137566137564 0.2725694444444444 0.04728835978835979 0.03125
0 0.46577380952380953 0.2819940476190476 0.03736772486772487 0.031746031746031744
0 0.5248015873015873 0.29203869047619047 0.041666666666666664 0.029017857142857144
0 0.580026455026455 0.30071924603174605 0.04034391534391534 0.028025793650793652
0 0.32175925925925924 0.3318452380952381 0.05092592592592592 0.030257936507936508
0 0.36507936507936506 0.3335813492063492 0.04894179894179894 0.030257936507936508
0 0.4148478835978836 0.3382936507936508 0.05191798941798942 0.032242063492063495
0 0.4611441798941799 0.3427579365079365 0.045304232804232805 0.03125
0 0.5085978835978836 0.3478422619047619 0.04365079365079365 0.027529761904761904
0 0.5532407407407407 0.35453869047619047 0.041005291005291 0.029017857142857144
0 0.5916005291005291 0.35912698412698413 0.03571428571428571 0.028769841269841268
