0 0.2822420634920635 0.5980902777777778 0.04133597883597884 0.02703373015873016
0 0.34507275132275134 0.5994543650793651 0.05125661375661376 0.026785714285714284
0 0.4052579365079365 0.6021825396825397 0.03935185185185185 0.01984126984126984
0 0.4644510582010582 0.6021825396825397 0.04794973544973545 0.02132936507936508
0 0.5246362433862434 0.6056547619047619 0.04861111111111111 0.022817460317460316
0 0.29993386243386244 0.3834325396825397 0.042328042328042326 0.03720238095238095
0 0.35978835978835977 0.38839285714285715 0.0496031746031746 0.03720238095238095
0 0.4264219576719577 0.39037698412698413 0.04861111111111111 0.03869047619047619
0 0.48826058201058203 0.39558531746031744 0.055224867724867725 0.042162698412698416
0 0.548941798941799 0.3993055555555556 0.05489417989417989 0.03720238095238095
0 0.597718253968254 0.40141369047619047 0.02943121693121693 0.03993055555555555
0 0.2435515873015873 0.23883928571428573 0.050595238095238096 0.031746031746031744
0 0.3116732804232804 0.24193948412698413 0.05787037037037037 0.03943452380952381
0 0.3698743386243386 0.24293154761904762 0.05125661375661376 0.04290674603174603
0 0.4267526455026455 0.24665178571428573 0.060515873015873016 0.03794642857142857
0 0.48230820105820105 0.25223214285714285 0.04861111111111111 0.039186507936507936
0 0.5357142857142857 0.2553323412698413 0.05423280423280423 0.03050595238095238
0 0.593584656084656 0.2601686507936508 0.05952380952380952 0.03720238095238095
0 0.6441798941798942 0.2622767857142857 0.04497354497354497 0.035962301587301584
0 0.32523148148148145 0.1623263888888889 0.05787037037037037 0.03050595238095238
0 0.3923611111111111 0.1667906746031746 0.0539021164021164 0.03249007936507937
0 0.45023148148148145 0.17162698412698413 0.045304232804232805 0.02976190476190476
0 0.5049603174603174 0.17609126984126985 0.0496031746031746 0.02628968253968254
0 0.5628306878306878 0.18055555555555555 0.042328042328042326 0.02976190476190476
0 0.33134920634920634 0.08519345238095238 0.047619047619047616 0.029017857142857144
0 0.3923611111111111 0.09102182539682539 0.05257936507936508 0.02976190476190476
0 0.4451058201058201 0.09337797619047619 0.047619047619047616 0.029017857142857144
0 0.5049603174603174 0.09895833333333333 0.05886243386243386 0.02628968253968254
0 0.5697751322751323 0.10379464285714286 0.04497354497354497 0.03298611111111111
