0 0.3933531746031746 0.4232390873015873 0.05324074074074074 0.04241071428571429
0 0.4576719576719577 0.421875 0.0667989417989418 0.0441468253968254
0 0.52744708994709 0.416046626984127 0.0582010582010582 0.04538690476190476
0 0.5925925925925926 0.4140625 0.0667989417989418 0.04141865079365079
0 0.6484788359788359 0.408234126984127 0.05026455026455026 0.031746031746031744
0 0.37880291005291006 0.48412698412698413 0.0763888888888889 0.04365079365079365
0 0.37781084656084657 0.5375744047619048 0.055224867724867725 0.04241071428571429
0 0.44328703703703703 0.5345982142857143 0.06117724867724868 0.04092261904761905
0 0.453207671957672 0.48152281746031744 0.07242063492063493 0.044890873015873016
0 0.5147156084656085 0.47842261904761907 0.05588624338624339 0.043154761904761904
0 0.5805224867724867 0.47333829365079366 0.07837301587301587 0.040426587301587304
0 0.640542328042328 0.46850198412698413 0.05489417989417989 0.03720238095238095
0 0.6625330687830688 0.5229414682539683 0.0625 0.045882936507936505
0 0.5927579365079365 0.5276537698412699 0.0539021164021164 0.03993055555555555
0 0.5158730158730159 0.5308779761904762 0.08267195767195767 0.04092261904761905
