0 0.2531415343915344 0.39446924603174605 0.09292328042328042 0.05282738095238095
0 0.2509920634920635 0.4696180555555556 0.10515873015873016 0.06374007936507936
0 0.2531415343915344 0.5455109126984127 0.08895502645502645 0.06671626984126984
0 0.2622354497354497 0.6199156746031746 0.0992063492063492 0.05431547619047619
0 0.265542328042328 0.6889880952380952 0.10119047619047619 0.0496031746031746
0 0.4255952380952381 0.683531746031746 0.0992063492063492 0.04811507936507937
0 0.41947751322751325 0.6169394841269841 0.09093915343915344 0.057291666666666664
0 0.4183201058201058 0.5416666666666666 0.09722222222222222 0.07142857142857142
0 0.41418650793650796 0.46416170634920634 0.09292328042328042 0.06522817460317461
0 0.41220238095238093 0.3890128968253968 0.08895502645502645 0.06374007936507936
0 0.5806878306878307 0.38678075396825395 0.08664021164021164 0.05580357142857143
0 0.5848214285714286 0.45882936507936506 0.08697089947089948 0.060515873015873016
0 0.5911044973544973 0.5347222222222222 0.09093915343915344 0.057539682539682536
0 0.5848214285714286 0.6067708333333334 0.103505291005291 0.05282738095238095
0 0.5816798941798942 0.675719246031746 0.06812169312169312 0.044890873015873016
