0 0.39169973544973546 0.5265376984126984 0.06117724867724868 0.04563492063492063
0 0.38409391534391535 0.4722222222222222 0.0710978835978836 0.051587301587301584
0 0.36937830687830686 0.4174107142857143 0.06746031746031746 0.04861111111111111
0 0.3637566137566138 0.3552827380952381 0.07142857142857142 0.05233134920634921
0 0.3599537037037037 0.29377480158730157 0.0710978835978836 0.053323412698412696
0 0.4623015873015873 0.3138640873015873 0.0701058201058201 0.053323412698412696
0 0.46296296296296297 0.37289186507936506 0.06878306878306878 0.06671626984126984
0 0.466765873015873 0.42919146825396826 0.06845238095238096 0.045882936507936505
0 0.48148148148148145 0.470734126984127 0.06481481481481481 0.044642857142857144
0 0.48131613756613756 0.5218253968253969 0.059854497354497355 0.05357142857142857
0 0.5583664021164021 0.519469246031746 0.07374338624338625 0.044890873015873016
0 0.5583664021164021 0.45783730158730157 0.06382275132275132 0.047619047619047616
0 0.5436507936507936 0.4020337301587302 0.052248677248677246 0.050595238095238096
0 0.5456349206349206 0.34337797619047616 0.07407407407407407 0.06671626984126984
0 0.5424933862433863 0.28621031746031744 0.06977513227513228 0.051587301587301584
