IMG_5420.JPG 331.8452,153.27382,362.3512,181.25,0 329.31546,179.6131,358.63095,208.18452,0 326.3393,208.63095,353.72025,235.11903,0 323.95834,236.75597,353.72025,265.625,0 319.34525,265.625,348.6607,293.75,0 
IMG_5409.JPG 198.95834,262.6488,220.2381,284.67264,0 225.0,265.0298,251.04167,284.67264,0 209.07738,292.1131,235.11903,310.7143,0 239.73215,292.7083,264.1369,309.97025,0 255.95238,266.36905,274.25595,284.97025,0 
IMG_5225.jpg 112.64881,258.92856,150.59525,284.0774,0 152.9762,259.2262,183.03572,284.67264,0 184.67262,258.92856,217.1131,283.3333,0 219.0476,256.54764,251.4881,281.1012,0 252.82738,256.54764,280.9524,277.82736,0 
IMG_5219.jpg 168.8988,376.04166,193.6012,395.2381,0 194.94048,376.3393,216.81548,395.8333,0 218.45238,378.5714,242.26189,397.76785,0 243.6012,378.5714,269.3452,397.76785,0 269.0476,380.9524,291.51785,398.80954,0 
IMG_5218.jpg 118.89881,341.66666,149.7024,363.09525,0 151.33928,342.55954,178.72025,363.39285,0 177.8274,340.625,208.48213,362.79764,0 210.11905,339.88095,239.88095,362.5,0 242.26189,340.32736,264.73215,360.41666,0 
IMG_5436.JPG 148.5119,263.8393,178.27382,283.9286,0 180.20833,258.0357,203.125,282.5893,0 201.93452,256.3988,227.38095,278.4226,0 226.48808,254.7619,251.04167,275.74405,0 251.63692,256.3988,273.0655,274.5536,0 286.60715,266.66666,305.0595,284.2262,0 
IMG_5422.JPG 179.16667,246.7262,198.66072,267.1131,0 196.7262,251.4881,219.64285,265.7738,0 219.94048,249.25595,241.96428,265.4762,0 191.22023,269.0476,207.7381,283.1845,0 210.26785,268.75,232.29167,282.5893,0 
IMG_5220.jpg 270.83334,324.8512,306.1012,357.5893,0 242.4107,297.61905,282.29166,332.44046,0 223.21428,262.7976,258.9286,298.95834,0 203.27382,234.2262,236.45834,271.7262,0 177.23213,196.875,217.2619,238.9881,0 
IMG_5221.jpg 240.32738,326.0417,270.08926,352.8274,0 265.7738,342.85715,293.4524,366.07144,0 291.2202,352.5298,317.70834,376.9345,0 315.9226,364.73215,342.1131,390.1786,0 343.15475,375.59525,368.30356,398.21426,0 
IMG_5222.jpg 56.398808,251.93452,95.684525,283.7798,0 94.49405,266.22025,127.82738,295.98215,0 127.529755,274.8512,162.5,308.18454,0 159.22618,289.2857,195.68452,320.0893,0 198.66072,300.59525,229.01787,328.72025,0 
IMG_5395.JPG 115.625,274.25595,149.10713,302.0833,0 151.19048,276.3393,183.03572,306.99405,0 182.14285,282.14285,204.9107,304.46426,0 205.35713,283.48215,234.6726,304.46426,0 231.69643,278.4226,265.625,311.1607,0 
IMG_5430.JPG 179.16667,305.20834,197.61905,326.1905,0 197.61905,307.4405,217.70833,326.1905,0 218.75,306.25,240.625,328.2738,0 243.00597,310.11905,264.88095,326.1905,0 264.88095,309.82144,286.60715,328.2738,0 287.94644,311.0119,308.33334,327.52975,0 
IMG_5418.JPG 162.5,302.23215,190.02975,329.6131,0 156.84525,267.85715,188.8393,298.80954,0 151.04167,235.86308,181.39882,265.0298,0 147.61905,197.47023,179.7619,228.86905,0 145.98215,160.26785,177.9762,192.2619,0 192.2619,172.32143,223.80952,204.31549,0 192.85715,203.72023,223.80952,243.75,0 194.64285,243.75,225.44643,271.27975,0 202.08333,269.0476,231.25,295.83334,0 203.125,297.0238,230.05952,329.16666,0 234.6726,298.2143,267.85715,325.14883,0 236.90477,260.4167,265.625,288.9881,0 232.8869,226.04166,256.3988,256.3988,0 228.86906,186.01192,262.20236,226.04166,0 228.4226,156.25,259.82144,187.20238,0 
IMG_5245.jpg 263.24405,82.440475,288.39285,115.02976,0 262.6488,115.625,290.7738,148.80952,0 264.4345,150.59525,290.7738,181.99405,0 266.07144,180.80356,292.4107,207.7381,0 262.6488,208.33333,291.9643,238.69048,0 266.07144,238.69048,293.00595,264.43454,0 
IMG_5251.jpg 159.375,386.3095,184.67262,404.4643,0 184.22618,387.20236,205.65475,404.16666,0 206.54762,388.39285,228.4226,405.80356,0 229.31549,389.28574,249.55356,406.5476,0 250.00002,390.92264,275.1488,408.63098,0 275.59525,390.0298,294.64285,408.63098,0 
IMG_5454.JPG 133.92857,271.27975,164.73215,300.44644,0 165.92262,271.27975,194.79166,298.0655,0 195.08928,269.64285,227.67856,295.2381,0 229.01787,269.9405,254.9107,292.5595,0 289.58334,264.1369,314.73215,290.3274,0 259.0774,267.4107,288.24405,291.07144,0 
IMG_5253.jpg 149.10713,324.7024,169.34523,342.55954,0 168.15477,324.7024,189.58333,342.11307,0 190.02975,325.14883,206.99405,341.66666,0 207.29167,325.14883,226.7857,343.75,0 226.33928,325.59525,246.27975,344.9405,0 244.94048,326.7857,266.8155,346.7262,0 
IMG_5441.JPG 93.00595,220.83333,134.82143,252.52977,0 89.28571,262.6488,136.60715,300.89285,0 93.8988,307.2917,133.92857,347.32144,0 95.684525,355.65475,140.32738,388.24402,0 96.72619,398.51193,142.2619,428.27383,0 169.19643,395.6845,213.8393,424.55356,0 168.30357,352.9762,209.2262,387.35117,0 166.36905,303.5714,210.11905,346.42856,0 165.4762,258.92856,207.29167,298.0655,0 165.4762,214.28572,205.50595,252.52977,0 241.81546,215.32738,280.80356,248.80952,0 243.6012,257.14285,282.7381,293.4524,0 245.53572,303.5714,286.45834,338.09525,0 239.88095,348.2143,286.45834,379.91074,0 246.42857,391.9643,277.0833,418.89883,0 
IMG_5445.JPG 202.52977,277.23215,223.80952,299.8512,0 224.25595,280.9524,243.6012,302.97617,0 244.49405,284.375,263.54166,306.25,0 264.1369,292.1131,286.75595,312.9464,0 286.75595,294.79166,309.82144,315.3274,0 
IMG_5450.JPG 111.45833,244.19643,149.55357,274.25595,0 149.10713,246.27977,179.31548,270.98215,0 176.7857,247.91667,209.07738,273.5119,0 210.71428,249.10715,235.86311,273.9583,0 235.41666,251.19049,268.6012,275.1488,0 267.70834,249.55357,298.6607,277.67856,0 
IMG_5258.jpg 117.70833,350.74402,136.30952,366.9643,0 143.75,351.63693,166.81548,367.7083,0 173.5119,355.35715,191.22023,367.2619,0 198.21428,354.9107,219.79167,367.7083,0 225.1488,356.5476,247.0238,370.23807,0 125.446434,218.89882,144.49405,241.22023,0 150.74405,221.875,173.06548,244.19643,0 180.95238,222.61903,202.8274,245.83333,0 207.29167,224.70238,232.14285,250.0,0 234.6726,228.42262,259.375,250.74403,0 262.3512,228.86905,275.59525,252.82738,0 98.21429,133.77975,120.98214,152.8274,0 127.23214,133.33333,153.27382,156.99403,0 154.91072,132.8869,177.9762,158.63095,0 178.42262,136.60715,205.65475,159.375,0 206.1012,139.58334,227.97618,163.09525,0 228.86906,144.0476,253.2738,162.3512,0 253.72023,144.94048,280.50595,167.26192,0 279.7619,146.5774,300.0,168.15477,0 133.33333,88.24405,159.375,106.547615,0 164.43452,90.327385,188.69048,109.82143,0 192.41072,94.047615,212.79762,111.90476,0 216.07143,97.76786,238.39285,113.541664,0 243.75002,99.404755,262.7976,117.2619,0 138.39285,42.410713,159.82143,59.82143,0 164.73215,45.684525,188.39287,63.541664,0 189.58333,47.321426,211.0119,64.73214,0 213.9881,51.488094,240.47618,67.2619,0 246.27975,52.380955,266.51785,72.17262,0 
IMG_5459.JPG 303.2738,180.05952,318.8988,200.29762,0 299.10715,199.55357,315.1786,219.79167,0 293.75,219.79167,312.35117,238.83928,0 291.22025,238.39285,309.82144,256.10117,0 287.20236,256.5476,304.91074,275.1488,0 283.7798,276.33926,304.01785,292.85715,0 
IMG_5261.JPG 143.6012,377.38095,165.92262,394.19644,0 172.17262,380.9524,191.81548,398.06546,0 196.42857,382.2917,215.17857,398.66074,0 222.91666,385.41666,248.80951,401.3393,0 256.84525,386.75595,281.3988,405.2083,0 129.7619,261.90475,149.8512,280.35715,0 154.6131,263.8393,176.6369,281.5476,0 183.48215,262.2024,205.35713,281.25,0 210.56548,263.54166,232.58928,283.9286,0 237.5,267.1131,258.18454,284.2262,0 262.3512,268.30356,274.25595,286.45834,0 137.79762,155.05952,161.75595,169.34523,0 172.47023,154.16667,193.75,172.91667,0 201.19048,159.67262,218.00595,178.72023,0 226.7857,166.51787,245.53572,183.92857,0 251.93452,172.02382,270.08926,188.83928,0 133.33333,190.02977,156.25,208.18451,0 153.27382,191.07143,175.29762,209.2262,0 175.0,193.30357,198.36308,212.6488,0 197.32143,196.27977,217.70833,215.02977,0 219.0476,200.44643,238.69048,216.96428,0 239.73215,204.01787,258.18454,221.42857,0 258.18454,206.84523,274.25595,224.10715,0 
IMG_5398.JPG 101.934525,216.07143,136.30952,236.30951,0 137.94643,204.91072,174.25595,241.66667,0 174.25595,208.18451,209.375,239.1369,0 212.35118,212.7976,236.75597,235.41666,0 243.75002,210.26785,273.95834,234.67262,0 273.95834,204.4643,314.88095,240.7738,0 
IMG_5399.JPG 147.47025,255.05951,175.29762,277.38095,0 175.29762,250.2976,203.86905,281.25,0 201.93452,254.16666,228.12498,281.25,0 229.01787,258.33334,248.5119,278.125,0 249.40475,258.92856,275.0,278.7202,0 272.32144,256.3988,304.01785,284.2262,0 
IMG_5400.JPG 155.20833,248.66072,181.25,268.15475,0 186.75595,241.66667,214.73215,270.2381,0 219.34523,246.5774,242.11308,266.51785,0 248.6607,245.3869,271.4286,265.1786,0 273.5119,242.55952,302.08334,269.3452,0 
IMG_5416.JPG 176.6369,231.10118,197.61905,254.7619,0 199.8512,231.10118,223.80952,253.125,0 223.80952,229.91072,247.47023,252.23215,0 245.83333,230.20833,272.0238,251.19049,0 272.76785,229.16667,294.04764,249.85118,0 276.6369,256.99405,298.21426,282.29166,0 274.25595,287.05356,297.91666,311.0119,0 247.47023,261.30954,275.59525,278.7202,0 225.74405,260.8631,247.47023,282.8869,0 203.125,262.7976,222.61905,283.63095,0 176.04167,262.5,199.8512,284.5238,0 181.1012,290.625,198.36308,311.75595,0 202.8274,292.5595,222.61905,312.6488,0 223.80952,291.9643,249.7024,312.35117,0 251.3393,289.73215,273.3631,311.75595,0 
IMG_5210.jpg 126.190475,320.6845,164.73215,351.48807,0 167.55952,324.4048,202.23215,352.08334,0 203.86905,323.95834,237.5,351.48807,0 241.96428,323.36307,277.8274,350.89285,0 281.69644,323.36307,310.26785,349.85117,0 
IMG_5211.jpg 180.35713,276.6369,203.72025,295.0893,0 205.80357,276.7857,227.82738,294.64285,0 228.72025,277.38095,250.00002,293.6012,0 252.38095,276.9345,276.04166,292.85715,0 276.33926,276.3393,295.2381,292.2619,0 
IMG_5215.jpg 112.94643,324.7024,148.95833,354.1667,0 151.93452,327.08334,185.7143,352.23215,0 186.0119,325.74405,220.0893,351.48807,0 223.66072,325.74405,260.11905,352.5298,0 261.45834,326.7857,293.8988,351.48807,0 
IMG_5214.jpg 130.50595,358.77975,163.54167,386.3095,0 166.51785,359.8214,194.64285,382.8869,0 196.875,360.41666,227.08333,383.33334,0 229.6131,360.41666,262.3512,384.5238,0 264.73215,361.75598,293.8988,385.26785,0 
IMG_5406.JPG 106.10119,253.72023,132.8869,283.0357,0 139.13692,257.7381,176.33928,285.11905,0 180.95238,260.7143,207.29167,284.2262,0 215.17857,262.7976,246.57738,285.41666,0 252.82738,262.7976,288.39285,284.2262,0 
IMG_5438.JPG 167.85715,262.7976,184.07738,284.2262,0 187.35118,266.07144,203.42262,281.99405,0 203.42262,267.4107,225.44643,283.63095,0 226.7857,266.66666,246.57738,285.8631,0 250.74405,267.70834,270.83334,286.1607,0 
IMG_5410.JPG 159.375,307.7381,183.33333,332.14285,0 183.48215,308.63095,211.60715,332.58926,0 211.90475,306.99405,234.6726,332.58926,0 235.86311,306.54764,261.45834,330.95236,0 260.7143,306.54764,284.6726,331.3988,0 158.63095,333.48215,185.41667,356.1012,0 183.33333,335.11905,206.1012,358.63095,0 159.82143,363.9881,180.50595,390.4762,0 180.95238,362.3512,206.54762,391.36905,0 207.7381,335.11905,226.7857,356.5476,0 226.7857,334.2262,255.65475,353.72025,0 256.10117,332.58926,275.1488,352.8274,0 258.18454,360.26785,282.5893,388.39285,0 230.05952,361.60715,255.35713,389.58334,0 
IMG_5411.JPG 165.02977,241.22023,188.9881,266.66666,0 190.9226,239.88095,220.98215,266.36905,0 224.25595,236.0119,250.44644,263.24405,0 251.63692,236.0119,281.69644,260.8631,0 280.50595,235.41666,303.125,254.46428,0 153.27382,277.38095,187.6488,303.5714,0 157.5893,309.82144,182.44048,335.26785,0 185.7143,308.48215,213.24405,333.03574,0 187.6488,275.44644,220.2381,302.38095,0 219.0476,274.10715,244.19644,300.0,0 243.6012,271.875,278.86905,296.13095,0 275.89285,269.9405,300.59525,292.2619,0 284.07736,300.0,312.20236,327.52975,0 254.61308,304.61307,278.86905,328.57144,0 213.54167,306.25,250.74405,330.80356,0 
